14.14735
14.39787
14.80134
15.52808
16.4234
17.42746
18.01821
18.44139
19.10624
19.56411
13.8023
14.00209
14.32806
14.9295
15.69924
16.60687
17.16634
17.58019
18.25475
18.73838
13.53635
13.71472
14.00895
14.56345
15.29855
16.20988
16.80058
17.25417
18.02851
18.61441
13.34252
13.52091
13.81726
14.38345
15.15188
16.13843
16.80197
17.32657
18.25738
18.99615
13.23345
13.42587
13.74694
14.36552
15.2169
16.33273
17.09974
17.71678
18.83778
19.75462
13.21816
13.43276
13.7919
14.48765
15.45357
16.73462
17.62557
18.34873
19.67794
20.78075
13.29966
13.5405
13.94445
14.73005
15.827
17.29206
18.31718
19.15262
20.69525
21.98126
13.4759
13.74413
14.19478
15.07378
16.30609
17.95912
19.11937
20.06647
21.81725
23.27714
13.74074
14.03535
14.531
15.49992
16.86231
18.6952
19.984
21.03669
22.98258
24.60333
14.0845
14.4029
14.93913
15.98919
17.46907
19.46462
20.86984
22.01829
24.14141
25.90868
14.49415
14.83262
15.40311
16.52179
18.10149
20.23648
21.74263
22.97493
25.25564
27.15596
14.95335
15.30749
15.90476
17.07738
18.73643
20.98472
22.57506
23.87895
26.2988
28.32185
15.44235
15.80753
16.42378
17.63509
19.35257
21.68819
23.34689
24.71141
27.25597
29.39686
15.93785
16.30974
16.93767
18.1736
19.93057
22.3309
24.04503
25.46204
28.12369
30.3852
16.41277
16.78787
17.42171
18.67121
20.45326
22.90219
24.66372
26.12945
28.90981
31.30462
16.83603
17.21234
17.84878
19.10585
20.90576
23.39696
25.20482
26.72125
29.6335
32.18603
17.1726
17.55015
18.18937
19.45491
21.27532
23.81564
25.67786
27.25433
30.32554
33.07324
17.38385
17.76515
18.41159
19.695
21.55082
24.16378
26.09993
27.75502
31.0288
34.023
17.42827
17.81856
18.48136
19.80162
21.72191
24.45101
26.49502
28.25888
31.79903
35.10556