14.52095    
14.73732
15.09033
15.74164
16.57503
17.55719
18.16219
18.60948
19.33801
19.85986
14.12223
14.32851
14.66086
15.26016
16.0003
16.83376
17.32627
17.68022
18.23842
18.62449
13.83877
14.03296
14.34695
14.91694
15.62817
16.4397
16.92501
17.27661
17.83614
18.22694
13.656
13.83855
14.1378
14.69504
15.41914
16.29148
16.84076
17.25344
17.93893
18.44112
13.55435
13.73624
14.03772
14.6112
15.38353
16.36346
17.01418
17.52335
18.41421
19.10882
13.52874
13.72113
14.04216
14.66082
15.51287
16.63112
17.40122
18.02183
19.15236
20.08052
13.58604
13.79575
14.14712
14.82965
15.78231
17.05799
17.95575
18.69225
20.06793
21.23532
13.73182
13.96212
14.34903
15.10433
16.16712
17.60683
18.63222
19.48149
21.08893
22.47666
13.96673
14.21866
14.6426
15.4727
16.64614
18.24521
19.39041
20.3427
22.15409
23.72696
14.28678
14.56001
15.02022
15.92268
17.20089
18.94588
20.19667
21.23679
23.21358
24.9263
14.68398
14.97745
15.47187
16.44158
17.81463
19.68614
21.02386
22.1329
24.22985
26.03234
15.14683
15.45918
15.9852
17.01583
18.4718
20.44731
21.85104
23.00842
25.17811
27.02054
15.44235
15.80753
16.42378
17.63509
19.35257
21.68819
23.34689
24.71141
27.25597
29.39686
15.93785
16.30974
16.93767
18.1736
19.93057
22.3309
24.04503
25.46204
28.12369
30.3852
16.41277
16.78787
17.42171
18.67121
20.45326
22.90219
24.66372
26.12945
28.90981
31.30462
16.83603
17.21234
17.84878
19.10585
20.90576
23.39696
25.20482
26.72125
29.6335
32.18603
17.1726
17.55015
18.18937
19.45491
21.27532
23.81564
25.67786
27.25433
30.32554
33.07324
17.38385
17.76515
18.41159
19.695
21.55082
24.16378
26.09993
27.75502
31.0288
34.023
17.42827
17.81856
18.48136
19.80162
21.72191
24.45101
26.49502
28.25888
31.79903
35.10556